Scaling image by 2.0x. This might take a few seconds...


Running Nearest Neighbor...
nearest neghbour matrix:  [[[229 230 232]
  [229 230 232]
  [229 230 232]
  ...
  [224 228 229]
  [224 228 229]
  [224 228 229]]

 [[229 230 232]
  [229 230 232]
  [229 230 232]
  ...
  [224 228 229]
  [224 228 229]
  [224 228 229]]

 [[229 230 232]
  [229 230 232]
  [229 230 232]
  ...
  [224 228 229]
  [224 228 229]
  [224 228 229]]

 ...

 [[ 15  15  13]
  [ 15  15  13]
  [ 14  15  10]
  ...
  [  0   0   0]
  [  0   0   0]
  [  0   0   0]]

 [[ 15  15  13]
  [ 15  15  13]
  [ 14  15  10]
  ...
  [  0   0   0]
  [  0   0   0]
  [  0   0   0]]

 [[ 15  15  13]
  [ 15  15  13]
  [ 14  15  10]
  ...
  [  0   0   0]
  [  0   0   0]
  [  0   0   0]]]



Running Bilinear Interpolation...
bilinear matrix:  [[[229 230 232]
  [229 230 232]
  [229 230 232]
  ...
  [223 229 229]
  [224 228 229]
  [224 228 229]]

 [[229 230 232]
  [229 230 232]
  [229 230 232]
  ...
  [223 229 229]
  [224 228 229]
  [224 228 229]]

 [[229 230 232]
  [229 230 232]
  [229 230 232]
  ...
  [223 229 229]
  [224 228 229]
  [224 228 229]]

 ...

 [[ 19  19  18]
  [ 16  16  14]
  [ 14  14  11]
  ...
  [  0   0   0]
  [  0   0   0]
  [  0   0   0]]

 [[ 15  15  13]
  [ 14  15  11]
  [ 14  15  10]
  ...
  [  0   0   0]
  [  0   0   0]
  [  0   0   0]]

 [[ 15  15  13]
  [ 14  15  11]
  [ 14  15  10]
  ...
  [  0   0   0]
  [  0   0   0]
  [  0   0   0]]]
Saving images to the folder...
Done! Saved the new images.



Comparison (This compairson is based on the low quality michael jackson image)

